90
1 22512
1 13325
1 13325
1 21893
5 10250
2 13325
1 24760
1 28921
1 12596
1 12596
2 22486
2 24705
2 12745
3 6079
5 12596
2 28921
2 4403
2 13890
2 3325
2 19084
4
2 13550
2 4697
1 21893
1 28570
2 17412
5 20614
2 32354
4
1 13003
1 14070
1 26847
1 6308
1 30738
1 22512
1 23634
1 2640
1 8773
1 2343
1 13003
1 18756
1 1137
1 1990
4
3 1137
1 1286
5 1137
3 23634
1 5531
5 15810
5 12319
3 8763
5 30127
4
5 792
3 13003
1 32099
1 10439
5 1137
5 27831
2 8792
5 1545
5 28219
5 23401
1 5096
1 28750
3 13003
2 12151
5 19735
1 8642
2 27537
2 7972
4
4
5 9797
5 1137
1 28921
1 22010
5 25308
5 1137
1 1990
4
3 13325
1 2353
5 22127
3 25994
1 22512
5 24593
5 4023
1 18756
