905
1 119
1 15396
1 5094
1 15396
1 2933
2 28421
4
1 2933
1 31064
1 2933
1 5192
3 23055
1 14038
1 1331
1 31064
1 4984
1 26292
1 12185
1 26577
5 11751
1 22762
1 9822
1 25143
1 1331
1 25256
5 13560
1 31027
1 13113
1 32268
1 3209
1 20478
1 26577
1 15904
1 2933
4
1 25256
2 12060
1 11079
1 25143
1 32011
1 12185
1 11079
1 26896
3 5094
1 27495
1 32268
1 11793
1 3195
1 23133
5 26113
1 2832
2 29640
5 119
1 23138
1 22762
1 3209
1 20481
1 5192
1 31064
1 23870
2 3209
1 2798
1 4028
1 28934
1 30508
1 9617
1 31064
1 4450
1 4173
1 16118
1 25145
1 26573
1 15012
1 2437
1 11875
1 7773
1 7352
4
1 6597
1 11362
1 9822
1 163
2 31379
1 25901
1 1592
1 32268
1 26577
1 28184
1 31027
1 17881
1 2699
4
3 9692
2 20975
2 32757
3 11875
2 5592
3 32678
2 27646
2 19839
2 8274
2 16226
2 26863
2 31635
2 6377
2 23502
3 32268
5 119
2 27581
2 12185
2 27674
2 9272
2 8369
2 19022
2 8932
2 14428
2 32296
2 30232
2 3283
2 31078
2 1372
2 26577
2 23185
2 3611
2 12719
1 6646
2 1895
1 163
2 14633
2 18306
5 119
2 2081
2 30416
2 31445
3 23133
2 16864
2 30547
2 9498
2 8366
2 3547
2 15699
2 23825
2 1456
2 4984
1 14139
2 13063
2 15125
2 16567
2 31963
2 16544
2 18838
2 21475
2 30739
5 28333
2 21256
2 21659
2 26577
2 11591
2 30573
2 26896
2 28184
2 6597
3 31037
2 2735
2 9790
2 20841
2 11793
2 10585
2 2436
3 25256
2 32737
2 11488
2 8655
2 12690
2 8741
2 16118
2 18821
2 24270
2 8210
4
3 14069
2 9620
2 28293
2 24057
2 22443
2 10278
2 119
2 15532
2 18758
2 13221
2 32564
2 4446
2 29743
2 26173
2 22737
2 20888
2 22762
3 23133
2 16118
2 17848
5 163
2 6722
1 5098
2 12540
2 11288
2 31684
2 20514
2 7095
2 186
2 23938
2 11883
2 7725
2 6025
2 2817
2 17513
2 23720
2 12185
2 22166
2 26291
2 19284
2 2933
2 31571
2 25830
5 10053
2 26237
2 28724
2 21511
2 28361
2 751
3 6597
2 798
2 25840
4
4
3 15904
2 11339
2 32165
1 9078
2 13113
2 7630
4
4
1 20758
2 15012
3 31064
2 9617
5 28446
2 30862
2 6933
4
2 10747
2 18548
2 20465
4
2 15821
4
2 9421
2 29896
2 23400
2 744
2 3064
2 32011
2 28506
2 8256
2 2646
2 26958
2 1989
2 22388
2 14986
2 10587
2 14773
2 18845
1 9617
5 25929
1 9037
3 6597
3 2798
1 26577
1 32071
1 26200
1 26833
1 3350
1 25769
1 20292
1 119
1 22723
1 22728
1 32626
1 2060
1 1990
1 20478
1 23274
1 20909
1 7428
1 20919
5 30528
1 7428
1 4173
1 31240
1 8645
1 10584
1 24381
1 8147
5 4843
1 13113
1 24730
1 7278
1 31479
1 3295
1 20481
4
1 9037
1 14139
1 11208
1 17311
1 28662
1 3686
4
1 9617
1 31496
1 6023
1 6163
2 13822
1 2587
1 795
1 29621
1 32268
1 22728
4
2 17041
1 25682
1 25124
1 2798
1 3295
2 10165
4
1 28602
1 2819
1 19339
1 28129
1 15396
1 32071
1 21687
5 226
1 629
1 22383
1 10523
1 16896
4
3 10523
1 8574
1 25145
1 20909
1 8875
2 29974
1 29126
1 27132
1 10118
5 119
1 749
1 30302
4
1 15246
1 13302
1 30787
1 3104
1 17276
1 16345
1 8746
1 1594
5 5002
1 20909
1 816
4
3 31496
1 8204
1 1478
1 3295
1 8383
1 629
1 14085
5 2193
1 24508
1 629
3 26292
1 28934
1 6588
1 1639
1 11172
1 9762
1 22482
3 20758
1 26799
1 32071
1 9078
4
1 18528
1 816
3 17933
1 3599
4
1 749
2 31443
1 30508
4
1 16351
1 11707
1 15867
1 26666
1 24314
1 6932
1 7428
1 13974
1 2832
1 25769
1 5098
1 23156
1 28934
1 20479
5 119
1 26921
1 4542
1 25331
1 25964
1 18082
5 21673
1 32537
1 16075
1 26660
1 32294
1 8589
1 8625
2 22673
1 13730
1 26573
1 20479
2 25202
1 11875
1 3295
4
1 20479
1 5811
1 28742
1 22299
1 20936
1 163
1 16252
1 31064
5 8608
1 29395
1 4496
1 23648
3 2587
5 8366
3 1990
3 22762
5 11990
2 19674
4
4
1 2336
5 24211
1 17276
1 30210
1 18916
1 1480
5 10563
1 20481
1 9078
1 32626
5 11399
5 16213
5 10559
2 20434
1 28184
1 816
5 25368
5 32107
2 22544
1 7278
2 9663
5 16539
1 29972
5 29849
1 20758
1 9211
1 32011
2 18390
1 25124
5 119
2 20300
2 641
2 7049
1 15470
5 14442
4
5 19036
5 4750
2 12778
5 15506
2 30355
5 31918
5 119
2 18120
4
2 27459
1 13001
5 10644
4
2 26330
2 7901
3 4020
3 795
4
1 2819
5 23659
1 31823
1 2819
1 21670
1 17881
5 2585
2 30787
2 31372
5 119
5 119
5 11946
2 22541
4
5 22382
1 20812
3 18356
5 21662
5 24350
5 31307
5 119
5 25652
5 19218
2 27051
1 22299
5 5050
1 9762
1 26666
1 32626
1 28967
4
5 4247
2 3195
2 13543
2 10118
4
5 13918
3 22366
3 10118
1 21760
2 22656
1 25567
2 28096
2 26373
5 16087
1 28983
2 31496
5 119
1 3200
5 119
1 11766
5 23758
5 119
2 10681
5 32357
2 9657
5 5373
2 6719
1 13838
1 521
5 25758
5 10691
2 12655
5 26353
2 29503
4
2 26476
5 119
1 14055
3 3200
2 2150
5 119
1 31528
2 18877
1 32520
5 23420
5 119
2 12573
1 25927
5 4644
2 23896
2 24664
5 2381
4
2 18570
2 21945
5 15313
5 19107
1 30625
1 31528
1 31443
4
1 5779
1 15246
1 629
2 2596
5 19033
5 9668
4
1 1639
5 25093
1 16456
2 19489
3 20936
3 23274
1 15303
3 20936
2 26799
5 119
4
4
1 14370
5 21406
3 29972
4
4
5 5176
4
5 21512
5 29647
5 19310
2 2489
5 17708
2 4260
5 5373
2 17020
2 11629
4
1 8353
5 9061
1 15303
1 25242
2 23678
5 3423
5 12302
3 9078
5 2009
3 22299
1 6478
3 22299
3 17311
5 23
1 29395
4
5 6188
5 1761
1 22694
1 13729
1 30508
1 26676
2 23648
1 3801
2 27483
5 18724
1 27744
5 6441
1 27271
2 25567
2 29469
5 27711
4
2 1480
1 32537
1 10442
1 14873
1 10939
5 22583
2 13734
5 12207
5 3908
5 17957
5 12143
2 23136
2 1431
5 32574
4
5 119
1 14416
5 119
2 30164
5 119
5 16440
1 13881
5 7255
1 30987
2 3435
5 25216
1 3161
1 7423
1 14672
3 8746
2 26188
5 20292
2 9211
1 31797
5 7576
5 23518
2 5799
5 23869
1 2955
2 4635
2 15012
1 3113
5 119
5 21066
5 11424
5 119
5 28515
2 5192
1 5098
5 27125
5 184
5 119
4
4
5 26638
1 13730
4
5 16990
1 3225
5 20654
1 10062
5 119
5 10002
1 28838
5 21226
5 29729
3 15904
5 3824
2 11348
4
1 30142
2 8245
1 17276
2 12369
2 1071
4
1 5811
1 26660
1 29869
2 22394
5 10225
5 19476
3 8618
2 4380
1 24759
3 26666
1 20642
1 17349
2 4818
1 3521
5 119
5 1693
2 5098
1 28587
5 3671
1 43
5 43
1 16826
1 31791
1 21191
5 13081
5 10845
4
1 26921
4
5 43
3 9834
2 22152
2 22482
3 32520
1 28342
5 2344
5 29569
3 29356
3 521
1 22285
1 30787
1 30787
1 6597
2 411
2 29364
1 9766
5 9258
3 20919
2 24966
3 13001
1 2587
1 14745
1 23731
1 28874
5 43
1 17156
1 14741
1 19339
4
4
5 4193
3 9403
4
4
1 8887
1 23763
2 30050
2 14582
4
3 7352
1 28637
4
1 2437
1 8060
4
4
1 10003
5 26468
5 13067
4
3 21670
1 24948
2 25324
4
2 31443
5 25679
2 10118
1 11079
1 26017
1 25596
3 26660
1 27515
4
3 26573
5 9216
5 12611
3 20909
5 2529
1 11789
4
1 12567
5 15092
2 464
2 28967
1 30909
5 16453
1 29252
1 16230
2 2044
5 43
5 1513
1 31451
1 22102
1 25749
1 12056
5 43
4
2 22078
3 14741
1 21169
1 9766
1 13945
5 43
1 6231
3 8060
5 7975
2 10181
5 25547
2 26833
2 11936
1 17181
4
2 29668
2 8499
1 15867
4
1 18038
1 8589
3 24424
2 16323
1 13580
5 24092
1 15600
1 4624
5 4707
4
3 10442
2 8238
2 1966
5 3064
1 23228
5 43
1 29215
1 4542
