541
1 7
1 115
1 130
4
1 178
1 276
1 352
1 424
1 437
1 427
1 529
1 538
1 532
4
2 8778
1 583
1 666
1 677
1 672
1 683
1 746
1 791
1 890
1 936
1 982
1 1010
1 1118
1 1225
1 1334
5 3613
1 1340
1 1439
1 1437
1 1535
1 1610
5 22585
2 30424
5 27393
1 1694
3 25541
4
1 1695
1 1781
1 1776
1 1785
1 1859
1 1888
1 1936
1 1996
5 25937
1 2105
1 2121
1 2167
1 2269
1 2299
1 2338
1 2446
1 2537
1 2596
1 2652
5 2687
1 2649
1 2721
1 2719
3 28684
1 2712
1 2762
1 2807
5 27315
1 2816
1 2901
2 30864
4
5 23889
1 2938
1 2932
1 2963
1 3072
1 3137
2 28220
1 3181
1 3253
1 3256
2 19027
1 3298
1 3367
1 3438
1 3502
3 21026
1 3517
2 19003
1 3566
1 3580
1 3663
1 3733
1 3777
1 3802
1 3853
1 3888
3 9407
1 3881
1 3964
1 4063
5 22606
1 4122
4
1 4129
2 18595
4
1 4177
1 4261
1 4306
4
1 4364
1 4471
1 4543
1 4552
1 4590
1 4661
1 4746
1 4823
1 4882
1 4948
1 5005
1 5069
5 9486
1 5173
1 5176
3 24387
1 5171
1 5190
1 5278
1 5292
1 5346
1 5386
1 5377
1 5399
1 5476
1 5556
5 18795
1 5600
1 5701
2 5048
1 5741
1 5840
1 5928
4
1 6013
1 6114
1 6210
1 6233
1 6229
1 6282
1 6335
1 6410
1 6411
1 6507
1 6601
3 8868
1 6643
1 6701
1 6761
1 6808
1 6833
1 6847
1 6848
1 6892
1 6943
1 7032
1 7070
1 7091
1 7165
1 7164
1 7235
1 7302
1 7385
1 7468
1 7469
1 7527
1 7520
1 7556
1 7646
1 7657
1 7721
4
1 7770
1 7845
1 7881
1 7924
1 7997
1 8089
1 8154
2 6081
1 8196
1 8274
4
1 8271
1 8330
1 8431
4
1 8498
1 8588
2 18741
1 8645
3 18506
1 8640
1 8724
1 8765
1 8841
1 8883
5 7015
1 8896
5 18170
4
1 8927
4
1 8946
1 8982
1 9023
5 31011
1 9036
1 9037
1 9080
1 9163
1 9249
1 9326
2 20001
1 9374
1 9414
1 9473
4
1 9484
3 19463
1 9532
1 9567
1 9590
3 20738
1 9638
1 9731
3 13290
1 9804
3 9800
3 814
1 9870
1 9924
1 9923
3 3354
1 9959
1 10002
1 10071
1 10112
1 10182
1 10263
1 10346
1 10352
1 10354
1 10404
2 31628
1 10499
1 10603
1 10665
1 10705
1 10813
1 10878
1 10904
1 10955
1 11007
1 11052
1 11144
1 11226
1 11257
1 11277
3 15138
1 11306
1 11318
1 11375
1 11437
1 11429
1 11489
4
2 1594
1 11587
3 7444
1 11603
1 11607
1 11600
5 4965
1 11656
3 12670
1 11650
1 11670
1 11716
1 11772
1 11817
3 11462
1 11875
1 11919
1 11968
1 12036
1 12072
1 12072
1 12071
1 12079
1 12095
3 2434
1 12162
2 11870
1 12214
1 12219
1 12209
1 12304
5 30886
1 12394
1 12408
1 12449
1 12447
1 12553
4
4
1 12593
1 12624
1 12619
1 12732
1 12774
4
1 12825
1 12849
1 12846
1 12862
1 12857
1 12886
3 19991
1 12932
1 12981
1 12973
1 12991
1 12995
1 13062
1 13090
1 13143
1 13221
1 13315
1 13359
1 13466
1 13519
1 13581
2 32726
1 13680
1 13687
1 13703
1 13706
1 13765
1 13762
1 13854
1 13930
1 14021
1 14067
1 14166
1 14166
4
5 29011
1 14214
1 14233
5 6898
1 14260
1 14291
1 14381
1 14408
1 14467
1 14565
1 14573
1 14612
1 14619
1 14610
4
1 14725
1 14803
4
1 14853
2 28340
4
4
3 90568
4
2 7268
3 81725
3 93334
1 14861
3 99323
5 28862
4
1 14863
3 92284
3 88795
1 14758
1 14738
3 86994
1 13703
4
5 21931
2 20732
5 6999
1 14662
2 13707
1 14642
5 5337
2 3619
2 4046
5 27683
3 89935
5 3162
1 14558
3 90540
3 88919
3 81954
4
3 84136
3 82866
5 7887
3 87869
3 94849
3 82788
5 3018
3 99934
1 424
2 23760
3 99693
5 25724
3 95636
3 91439
3 80672
5 4399
2 11575
5 16837
5 16840
4
3 91816
5 6753
3 90111
1 14455
3 89866
3 84104
3 99155
3 92660
4
3 84550
5 1421
3 89390
3 82350
3 97184
2 2834
5 23627
3 96704
5 21391
3 96783
1 14421
2 8787
3 86644
5 6937
1 14410
5 20041
5 4700
3 88852
3 94053
3 91306
5 27998
3 95420
1 14341
5 14020
5 10542
5 19454
5 12228
3 89228
1 14258
3 83853
1 14268
2 17720
3 99731
3 84196
3 82104
3 97422
2 20374
3 86089
3 89394
5 15009
3 93808
5 27633
5 1881
3 88925
5 692
3 81144
2 11443
2 19638
1 14255
3 93409
3 95153
3 94008
2 7781
3 86650
3 92735
3 97215
3 83649
3 95578
5 12611
3 98619
3 99007
3 86185
3 90590
3 99836
3 90107
5 29412
5 3909
1 14173
2 7053
3 91878
3 98050
5 12372
1 5005
5 20455
2 31232
5 3729
2 4461
5 14674
1 14164
3 91054
1 12394
1 14087
3 82180
3 91412
5 3639
3 98636
3 95440
3 97725
3 93941
5 26331
3 89347
1 12095
3 98250
4
3 80555
3 95387
