515
1 30969
1 30969
1 25221
5 31203
1 24128
1 22169
1 4432
1 30969
1 25221
1 24128
3 4432
1 27213
1 28994
4
1 16131
1 17895
1 25221
1 24128
1 30302
1 27213
5 4432
1 15039
1 21604
5 24353
1 17895
1 14853
1 31013
3 4432
1 17629
4
2 27213
1 841
1 27213
1 28994
1 17629
1 29416
2 30969
2 5294
1 14853
1 25221
1 4432
3 16131
1 25221
1 8992
1 3621
1 6215
1 17384
1 8906
1 11442
1 14853
1 5851
1 17909
2 4941
2 10000
2 29002
3 3621
2 2895
2 29140
2 21241
5 26333
2 10227
2 14881
5 10837
2 8906
2 29434
2 12703
2 31926
3 4432
1 17895
2 24581
2 23255
2 23770
2 24347
1 17909
4
3 4432
2 28522
2 22086
2 12514
2 28304
3 30791
2 5946
5 3177
2 5851
5 17782
2 8798
2 23348
2 7900
1 6424
3 22103
2 4426
3 16131
5 1013
2 378
2 8817
2 24204
2 11828
2 1522
2 841
2 13028
2 841
2 19250
2 31241
2 25484
2 9342
2 10397
2 33
2 30969
2 10197
2 13684
2 21133
2 24823
2 9309
2 10751
2 22169
3 27213
2 17123
2 15870
2 31026
2 29856
1 1340
2 12370
2 25284
2 13609
2 24128
2 25575
2 5851
3 21604
2 20745
2 15844
2 16733
4
2 12358
4
1 12738
2 29109
2 15412
2 367
1 8434
1 5865
2 30287
2 22494
2 19863
2 9673
2 11442
2 838
2 18580
1 3621
2 19483
5 1340
2 25304
1 6424
5 4645
2 9591
2 14917
1 13281
1 19126
1 18751
1 17629
1 23657
2 30829
3 11442
1 3621
5 1340
1 6424
5 16517
1 25221
1 942
1 31013
1 17895
1 8906
1 24128
1 15826
1 13281
1 6829
1 7636
1 158
1 6740
1 14503
1 17909
1 18377
1 6024
1 28202
1 13281
1 31684
1 15546
1 8434
5 158
1 8992
2 31152
1 17895
2 942
1 3622
1 28994
5 158
3 6424
3 17629
1 31013
1 15039
2 19422
1 730
2 24902
1 8084
1 3622
1 5865
1 30969
2 8830
1 30472
1 15238
1 29039
5 23573
3 16696
1 26045
1 24697
2 21647
1 27930
2 25557
1 31196
5 25624
1 6424
1 14549
2 15700
1 15982
1 6829
1 18745
1 3567
1 17384
1 385
1 17629
1 19446
1 4432
5 158
1 12643
1 20637
1 14853
1 20817
1 15182
1 24855
4
1 10943
1 7802
2 21538
1 21363
1 21604
1 25469
1 17975
1 22169
1 20450
1 1005
1 4641
1 23821
1 30969
1 18745
1 15927
1 19529
1 24881
1 17262
2 21800
1 13726
1 15927
1 23128
4
3 15182
5 17750
5 158
1 7994
2 385
5 158
4
1 10943
3 23490
3 11442
5 158
1 30302
4
1 66
1 1394
1 24916
1 6424
1 24700
5 22772
5 66
2 31298
1 15927
5 19516
1 15826
1 8084
2 9924
2 13543
2 31684
1 15448
5 32622
1 25596
1 29486
1 24855
4
1 10132
4
1 4677
1 17269
2 17985
2 12650
3 30472
1 15826
1 9600
2 27213
4
5 21933
2 7708
1 26758
1 29513
2 17098
2 8940
5 12249
1 24881
5 18311
1 25894
4
5 10031
2 16020
5 66
5 66
5 66
5 2831
1 8546
1 32629
4
3 27213
5 17368
5 66
2 10576
1 22869
1 27213
1 11669
2 17384
1 4722
1 3621
5 66
5 550
1 22169
5 17762
3 16131
2 11683
1 10116
1 32523
2 28909
1 32318
4
1 3990
2 8195
5 66
5 28337
3 32318
3 30969
2 25668
3 12738
1 15982
5 14571
1 17921
5 21157
2 66
3 15927
3 12394
1 25364
2 16628
2 158
2 4477
2 11692
5 730
4
1 27100
3 24442
3 8906
2 20450
2 14853
5 21396
5 730
1 6297
2 11732
5 30934
3 23821
1 26016
2 29486
2 24855
1 15238
1 13702
1 17481
5 644
2 4121
2 29416
1 25894
1 30472
1 2776
5 730
3 12738
1 27127
4
3 20637
4
1 9523
5 730
4
1 5481
5 14363
2 3017
1 10577
1 4015
4
1 6067
1 15275
1 12414
5 730
1 25149
5 5698
2 30000
1 24128
5 4921
3 32629
3 15182
3 30969
4
4
1 19369
2 14342
2 20119
2 6215
5 21137
1 11615
4
1 11217
2 14673
5 730
2 2458
3 8546
5 17383
5 31419
4
1 17216
1 20928
5 16632
1 3548
5 730
5 5361
2 7940
1 14730
4
2 466
3 12643
2 8656
1 19528
1 4672
2 17411
3 24752
1 19201
5 20700
5 20068
1 4974
5 13937
1 28583
1 18377
2 7820
5 1485
1 22121
4
5 28027
2 10943
5 26428
1 12454
3 7994
4
5 26032
2 27606
5 27061
1 31477
1 4196
5 730
5 10377
3 19242
5 27729
1 20508
2 21597
1 2129
1 26204
1 66
5 21305
1 2110
5 27392
1 12643
5 2780
5 30987
1 18664
2 17114
1 29885
2 8977
5 66
2 25149
1 23582
5 22293
5 29600
2 21938
2 21169
2 18218
1 14549
3 12454
5 29544
2 25221
5 11231
3 12738
1 31904
1 31904
1 4175
3 24916
1 23657
5 30576
1 4318
