934
1 4
1 61
1 167
5 13968
1 195
3 24743
2 2515
1 300
1 398
1 422
1 512
1 517
1 542
3 20619
1 636
1 687
1 786
4
5 10019
1 847
1 904
1 948
1 1046
1 1105
2 12776
1 1131
1 1212
1 1317
3 11343
1 1345
3 329
1 1394
1 1427
1 1476
1 1467
1 1578
1 1615
1 1651
1 1723
1 1773
3 16583
1 1840
2 14218
1 1880
1 1894
1 1982
5 19094
1 2057
4
5 13289
1 2113
1 2147
1 2137
1 2200
1 2203
1 2261
1 2356
1 2454
1 2459
1 2478
1 2487
4
1 2538
4
1 2647
4
1 2656
5 10920
3 31851
2 16699
1 2700
1 2695
2 7389
1 2747
1 2819
1 2925
1 2950
1 3049
1 3130
1 3222
3 15786
1 3247
3 6891
1 3248
4
5 2564
1 3312
1 3417
1 3428
1 3456
1 3529
1 3561
4
2 28485
1 3583
4
1 3580
4
2 21057
1 3581
1 3656
1 3677
1 3708
4
1 3788
1 3810
5 19317
1 3855
1 3903
2 22086
1 3967
1 4039
1 4050
4
2 25260
2 4458
1 4136
1 4178
1 4251
1 4312
1 4303
1 4418
1 4515
1 4536
1 4566
1 4660
1 4671
1 4673
2 6525
5 9180
1 4768
1 4797
1 4862
1 4960
1 5006
1 5111
1 5161
2 16181
1 5209
1 5303
1 5338
1 5359
1 5398
1 5429
1 5496
1 5575
1 5586
1 5663
5 15466
1 5690
1 5797
5 31932
1 5839
1 5836
4
2 21712
2 28291
1 5868
1 5885
1 5884
1 5925
1 5984
1 6027
1 6134
1 6217
1 6232
1 6322
1 6400
1 6463
4
1 6545
1 6575
4
1 6597
1 6606
1 6642
1 6728
1 6820
1 6819
1 6887
1 6878
2 1397
1 6970
1 7068
1 7117
1 7222
1 7299
1 7309
1 7391
4
1 7444
3 18574
4
1 7443
1 7473
2 24952
1 7554
1 7635
1 7734
1 7739
1 7782
1 7784
1 7891
4
5 32700
5 24985
1 7925
1 7964
1 8023
1 8027
1 8018
1 8079
1 8174
1 8264
2 16693
1 8256
1 8309
1 8331
1 8347
1 8414
1 8491
1 8526
1 8596
4
1 8658
1 8697
1 8722
1 8824
5 22720
2 16304
1 8848
1 8863
1 8886
1 8929
1 8961
1 8988
1 9091
1 9145
1 9235
1 9278
3 5426
3 28980
1 9303
1 9365
1 9460
1 9505
1 9495
1 9516
1 9612
1 9607
1 9617
1 9649
1 9674
1 9733
1 9762
1 9784
1 9858
1 9938
1 9950
1 9992
1 10060
1 10086
1 10086
1 10099
1 10122
1 10189
1 10284
1 10329
1 10371
1 10397
1 10398
1 10409
1 10440
3 22469
1 10537
1 10604
1 10672
1 10757
1 10780
1 10787
1 10806
1 10864
1 10904
1 10932
1 10982
1 11081
4
5 21449
1 11174
1 11173
1 11198
4
1 11255
1 11278
2 26783
5 31820
1 11270
1 11298
1 11364
1 11412
5 5373
1 11430
3 32448
1 11535
3 18008
1 11642
1 11718
1 11775
1 11843
1 11872
1 11876
1 11894
1 11989
1 11991
1 12032
3 19032
1 12140
1 12205
2 29444
1 12202
1 12233
1 12300
1 12390
1 12467
1 12511
1 12502
1 12519
5 19799
1 12628
1 12730
1 12746
1 12780
5 9615
1 12883
4
1 12929
1 13037
1 13065
1 13124
1 13183
1 13280
1 13370
1 13419
1 13454
1 13471
2 32069
1 13508
1 13538
1 13608
1 13599
1 13655
4
1 13758
1 13781
1 13884
1 13958
2 8062
5 23507
3 24742
4
1 14002
2 22027
1 14026
2 8625
1 14109
1 14142
5 21753
1 14163
1 14156
1 14240
1 14336
1 14384
1 14486
3 26755
3 24551
4
1 14542
3 29748
1 14630
1 14679
1 14723
1 14758
1 14811
1 14865
1 14887
1 14986
4
1 15040
1 15052
1 15059
1 15097
1 15150
1 15179
1 15188
1 15197
1 15202
1 15291
1 15377
1 15486
1 15527
2 24600
1 15614
5 28445
1 15641
3 9191
1 15749
1 15745
1 15787
1 15822
1 15812
4
1 15832
1 15873
1 15921
1 15981
3 6720
2 28719
2 5660
1 16012
1 16085
1 16148
1 16195
1 16304
3 11704
1 16390
3 24726
1 16468
2 20315
1 16472
1 16526
3 21712
1 16626
1 16657
1 16732
1 16810
1 16828
1 16885
1 16892
1 16949
1 17045
1 17052
1 17117
1 17213
1 17227
4
1 17297
1 17404
1 17406
1 17483
1 17530
1 17569
5 15190
1 17634
1 17648
1 17742
3 17199
1 17778
1 17771
1 17772
1 17785
1 17884
1 17876
1 17943
1 17962
1 18001
5 8483
1 18066
1 18068
1 18160
1 18183
1 18292
1 18348
1 18391
3 1345
5 31227
1 18451
2 16627
1 18556
1 18559
1 18648
3 23696
2 3407
1 18734
1 18806
3 28361
1 18834
1 18915
1 19006
1 19043
1 19134
1 19124
3 30486
1 19145
1 19236
1 19264
5 6046
1 19347
1 19382
1 19460
1 19528
1 19578
3 2719
1 19588
1 19684
1 19723
1 19832
1 19914
2 12777
1 20011
1 20016
1 20038
1 20114
2 9456
1 20126
1 20150
4
1 20233
1 20332
1 20424
1 20416
2 1825
1 20429
1 20486
1 20536
5 29339
1 20538
1 20631
1 20621
1 20688
1 20718
1 20758
1 20827
1 20920
1 20980
1 21080
1 21114
1 21143
2 5708
1 21176
1 21205
1 21213
2 9765
1 21239
1 21235
1 21243
1 21342
2 31992
1 21347
1 21421
1 21428
1 21452
1 21522
4
4
1 21556
1 21563
1 21657
1 21742
1 21735
1 21828
1 21852
1 21853
3 8170
1 21850
1 21892
1 21990
1 21984
1 22077
5 27838
1 22157
2 10888
1 22183
1 22185
1 22283
1 22303
5 26444
2 28045
1 22397
1 22425
1 22416
1 22513
1 22526
1 22573
1 22655
1 22700
1 22712
5 12294
1 22780
1 22887
1 22932
1 23017
1 23095
1 23131
5 19470
1 23178
1 23188
5 1412
4
1 23253
1 23292
1 23400
1 23466
1 23459
1 23539
1 23630
1 23712
1 23788
1 23862
2 14046
1 23894
1 23960
2 15866
1 24050
4
1 24109
1 24163
1 24167
1 24229
1 24225
1 24313
1 24337
1 24434
3 12305
1 24512
4
2 8636
5 6509
1 24516
1 24514
1 24570
1 24634
1 24689
1 24750
1 24807
1 24810
1 24832
1 24912
2 30847
1 24966
1 25066
3 19856
5 482
1 25086
1 25081
1 25149
1 25194
1 25286
1 25292
1 25391
4
1 25479
2 13113
1 25495
1 25554
2 31098
3 99409
3 88553
3 93657
5 1433
3 86162
1 25513
3 98816
3 94559
5 6838
2 5782
3 96765
4
2 6270
2 20106
3 94645
3 91103
3 97636
1 6878
3 94744
3 91866
5 19900
3 81888
5 30476
3 96317
5 19244
3 95132
5 27949
5 21843
2 20847
3 80586
5 31415
5 10390
3 96543
2 10008
3 88328
3 89650
2 23011
3 94801
3 85022
3 89115
3 94598
3 81787
1 25421
3 96075
3 93734
3 98615
3 98806
3 86789
3 86759
3 96409
3 90650
5 8511
3 94194
3 90675
2 19026
3 90438
3 92070
5 32142
1 25320
3 90348
3 97806
5 11347
5 1537
3 84443
1 2656
1 25285
3 88101
1 25176
3 88034
5 23134
3 87461
1 21213
2 3923
3 94900
3 98216
3 97566
5 31495
1 25085
1 24988
2 30356
3 88100
3 84344
5 19828
3 80813
3 97921
3 99310
3 94219
5 20095
3 90657
5 27654
5 5673
3 98088
5 10871
3 80830
4
5 7923
3 97353
5 21501
2 21320
3 81688
3 89282
5 13976
5 23154
5 14177
3 82849
3 96765
1 24953
3 97796
5 16862
4
3 99520
3 99430
4
3 89907
5 5016
3 86488
3 98634
3 95978
5 12818
2 23701
5 18188
3 99824
1 24929
5 14341
5 13303
3 91193
3 91526
5 7919
3 92906
3 91828
5 29496
3 95950
3 99414
5 8251
3 94377
3 97395
2 20496
3 90885
5 2255
3 91794
3 90373
5 837
3 96981
2 314
3 97234
3 95961
3 91318
3 83000
3 96924
3 98461
4
1 24933
5 5736
2 5392
3 97646
2 5907
2 31901
3 84968
2 27197
5 8643
5 15000
5 30360
3 98033
1 24821
3 99499
1 24795
2 6882
3 80459
1 24771
5 20082
3 83573
2 8139
1 24719
1 15097
4
5 21257
3 94419
2 27165
5 16936
3 90714
2 324
3 93817
1 24692
3 90477
3 90936
5 5287
5 7843
5 14884
5 10421
5 10131
1 24676
3 86354
3 97364
3 98013
5 24721
1 22077
1 24625
5 11763
2 1533
1 24614
3 90985
3 85792
5 30267
3 97181
3 98840
1 24560
1 6642
3 80848
3 94317
3 90880
5 1930
3 87511
1 24563
3 95262
5 31483
5 30457
3 80768
4
3 85960
3 87998
5 5458
5 4069
3 85236
1 24454
3 82557
2 1799
1 24359
3 95532
3 88416
3 89461
1 24338
2 1161
3 90639
3 99685
4
2 16747
3 80867
3 99335
3 89184
1 24322
3 94394
5 12038
5 21316
1 24324
3 86365
3 99736
4
3 81727
3 93928
3 84751
1 24317
1 10409
3 81783
3 90308
3 91610
3 97193
5 31447
2 9600
3 94905
5 23183
3 93907
5 467
3 81583
3 91083
3 92304
2 7713
3 92766
3 80605
5 17657
3 91410
3 92787
5 22211
3 82666
3 99088
3 85927
2 24695
5 27078
3 91568
3 99903
