913
1 7097
1 7097
1 7097
1 7097
1 7097
1 13564
3 13564
1 29511
1 6341
1 12016
1 27334
2 12710
4
2 9095
1 19101
3 19101
1 27334
1 24613
1 14217
1 14217
1 21073
1 32604
1 25882
1 2085
1 24613
1 12016
1 25679
1 26252
1 18680
1 29511
2 25887
1 32504
1 14217
1 7097
3 6589
1 29306
2 17885
1 12639
1 13838
5 12064
1 2085
1 7097
4
1 17022
1 6067
2 13660
1 6067
1 14217
1 7097
1 1263
1 32604
1 8549
4
1 13564
1 6001
1 3164
1 6341
1 8549
1 28841
2 21073
1 13486
5 8606
1 13564
1 32504
1 18890
4
1 15986
1 21073
1 15986
1 16140
1 20345
1 5116
1 6318
1 5579
1 32504
1 27236
1 6341
2 145
1 26252
1 18680
2 31724
1 21073
1 16696
5 29935
1 3164
3 1263
1 22888
1 13357
1 11655
1 7097
1 2837
1 21715
2 10408
2 8494
2 29511
2 28360
2 25679
3 25679
3 8969
3 2837
2 8930
2 19101
2 32362
2 3950
4
4
2 12058
2 16640
2 30183
4
2 7331
2 18687
4
2 24878
2 12507
2 7654
2 8598
2 19339
3 19447
2 32723
2 7634
2 30670
2 21073
2 21466
1 26969
2 5368
2 6906
2 5104
2 23617
2 6067
2 14603
2 13879
5 9488
2 24613
2 2417
5 29000
3 9400
2 29306
2 4047
2 19390
2 23253
2 20409
2 2790
2 17157
5 1263
2 1812
2 18965
3 15787
1 20327
2 23791
2 13486
2 15711
2 21677
2 20161
2 11008
2 3740
2 6238
2 2844
4
3 28632
2 18597
2 8294
3 3998
2 16554
2 19689
2 22083
2 26822
2 31705
2 23457
2 14951
2 11655
2 777
2 26933
2 28702
2 20409
2 10975
4
2 3532
1 21078
2 31570
2 17682
2 22872
2 2886
2 22595
3 3405
2 15270
2 22799
4
2 22152
2 12721
2 17457
2 17014
2 20602
2 26591
2 7475
2 4300
2 29015
2 24514
2 7720
2 31502
2 8182
2 28292
2 12226
4
2 6067
2 2541
4
2 27257
5 7213
2 2837
2 27288
4
2 28467
2 20667
5 1263
3 554
2 32539
5 4374
2 9431
2 24674
2 283
2 12144
2 11994
2 3929
2 26308
2 20125
2 706
2 9146
2 6763
2 28841
2 2908
2 4725
4
5 1849
2 2827
2 25673
2 27523
2 10243
2 4315
2 12390
2 12221
2 27587
2 10189
2 3164
2 22930
2 23182
2 14174
2 18230
2 21715
2 30540
2 22924
2 30837
2 13232
3 2085
2 19894
2 21384
2 16696
4
2 27511
2 5579
2 6092
5 16032
2 7944
2 29531
5 13228
1 17804
2 27980
2 30087
2 11616
2 14543
2 29821
2 17774
1 19090
5 2094
1 31997
1 6391
1 19341
1 26555
1 12016
1 6341
1 18890
1 16869
1 20842
1 28948
1 22888
1 6338
1 10880
1 10695
1 32353
1 25243
1 12016
1 10866
1 28948
1 5116
2 18869
1 7571
3 5579
1 5997
1 32644
1 6838
1 29410
5 1263
1 18960
1 32504
1 14543
1 24530
1 6338
1 26606
1 15986
1 26969
1 17022
1 9884
1 30726
1 19120
1 6750
1 3915
1 28776
4
4
1 11599
1 12179
1 13838
1 10351
1 21536
1 28697
3 6341
1 23352
2 6715
2 5579
1 23098
1 3915
1 2233
1 25882
1 7291
1 24641
1 32649
1 21536
1 324
1 27341
1 12179
5 324
3 20933
1 17749
1 24426
1 20025
1 3475
3 32649
5 25260
1 15809
1 2935
1 2569
1 23575
1 2117
1 12247
1 28180
1 15241
1 16260
1 28620
1 17570
1 32644
1 18960
1 5384
4
1 1263
1 30253
3 28776
5 23388
1 5116
3 11599
1 4004
1 15241
1 14217
2 14524
1 18241
1 4004
4
3 25882
1 25491
1 18680
1 17749
5 9280
1 2935
4
1 27073
1 14858
1 28700
1 26947
1 23575
1 22829
1 20311
1 1030
1 32353
1 23575
1 6941
4
1 1157
1 1790
1 24489
5 29978
1 22785
1 30726
1 10926
1 6318
1 32604
1 15965
1 7571
1 16153
1 8200
5 6447
1 28835
4
1 9778
1 16869
1 22585
1 31754
1 5007
1 19120
1 24530
1 16670
1 13440
1 23995
3 6001
2 15489
1 9952
1 11655
1 20410
1 8841
2 27650
1 21537
1 19397
1 10880
1 29410
3 29511
1 23152
1 2837
1 19195
1 28702
1 6838
1 6341
1 30178
1 4827
1 8526
1 9583
1 15986
1 1558
1 1994
1 19489
1 158
1 23770
2 16723
3 155
5 14654
1 20177
1 20327
3 26183
1 29718
1 22877
1 18870
5 3563
2 20311
2 7930
1 3284
5 8874
5 26851
1 29410
5 2400
1 5952
1 6637
1 1030
3 7571
1 9884
1 13809
4
2 8066
5 30346
4
2 25296
4
2 28859
5 19118
5 158
4
1 23040
5 158
3 27891
2 32300
1 20961
2 787
1 29967
2 14217
5 3542
2 28437
2 22584
4
4
3 4004
5 158
1 28948
2 20579
5 7339
5 4679
1 5660
3 26606
4
1 3693
5 14493
1 729
5 10392
1 9917
5 19877
4
4
1 32501
5 11874
5 158
2 9654
5 7513
5 10300
4
1 20025
5 25643
2 22476
5 18776
1 12187
1 12958
5 15339
4
1 14978
1 16646
4
5 17213
5 30754
2 15607
3 16260
5 158
5 21657
1 11565
5 16311
2 10668
5 27191
4
1 26565
5 31608
2 17804
1 6198
5 158
1 32737
5 22000
4
5 7508
5 4431
5 5983
4
2 27598
5 9051
5 7194
5 986
2 17789
3 16670
5 32105
1 28841
5 30779
1 7397
4
2 18972
5 11961
5 18322
1 32353
2 26969
1 30285
1 4786
1 7660
2 20087
1 8822
1 27758
2 24049
2 20024
1 15965
3 24705
1 14257
2 24543
5 1504
5 27688
2 2491
5 158
2 21817
1 23739
1 29967
1 15362
2 2946
4
4
5 21214
5 31179
2 10513
5 21578
5 28757
4
1 27984
1 9583
1 1994
1 21130
2 10208
1 4827
5 17270
1 19999
1 16920
5 1530
1 704
5 10119
2 8034
1 9451
4
4
1 32265
1 8518
4
3 7279
2 1899
2 14975
1 30424
4
2 27096
1 11024
5 29729
5 8650
2 15362
3 23575
5 14398
2 1370
2 5076
5 5628
5 18188
5 158
5 158
5 27476
5 28574
1 10880
1 24613
2 4810
1 29306
4
3 485
1 13609
4
2 14442
1 5408
2 25540
1 27602
2 6544
5 158
4
2 13828
5 9126
2 20305
1 16785
2 10085
2 29930
2 18890
2 10073
2 9523
1 32459
4
1 32501
3 26252
1 32265
5 3345
1 28697
1 11024
5 6984
1 19994
1 31479
3 6750
1 27984
3 16260
2 20177
3 8200
1 25461
1 24429
1 9069
5 24304
5 1231
2 1705
1 3529
1 19397
3 10324
5 24655
3 16260
4
1 23733
1 1127
5 9489
3 28620
2 17994
5 2053
1 12179
1 6049
1 2085
5 31961
1 31997
1 2233
2 17783
4
1 1263
4
4
1 1328
5 158
2 4480
3 6637
3 29761
1 2039
3 5952
3 1328
1 1410
4
2 5392
5 311
5 26490
1 25039
4
5 4566
3 17217
1 32604
2 30634
1 22815
5 30024
5 14133
2 10926
1 23050
1 22591
5 158
4
2 23933
5 19847
5 7274
1 6216
3 21537
5 158
3 2117
5 8679
5 8250
3 23995
2 4786
1 2054
5 158
3 14217
1 13357
5 30025
5 158
1 6476
5 11916
2 5678
2 4291
5 31793
3 18680
2 25461
1 6288
5 5484
5 3710
1 31683
5 14683
4
4
5 10208
2 23380
1 20014
1 32592
5 31462
3 11024
5 10436
1 8873
5 10047
1 26731
5 12958
5 11189
5 23809
2 19951
3 21536
2 16503
1 27368
5 158
1 28018
3 10695
4
1 4866
3 8200
1 16153
5 10254
4
3 29972
5 13682
5 29163
3 6049
1 11904
5 7654
4
3 6288
2 32476
2 18804
1 24926
2 32016
1 22349
2 19384
1 6318
5 4070
1 13486
2 14640
1 3255
5 13424
5 14131
1 28700
2 307
5 6009
1 5520
5 6339
2 9741
4
4
1 5808
2 21016
3 17570
1 23706
5 21903
4
3 16797
5 25377
2 31972
2 2730
3 3561
5 397
1 24785
5 23001
1 12194
1 17804
5 158
3 18921
5 23980
1 18058
1 28180
5 7386
5 12935
5 8532
4
3 22829
1 3370
1 29875
5 19334
1 8822
5 32068
2 26620
1 23706
5 21274
3 12247
2 15599
2 10131
5 2179
5 2890
2 6109
2 8200
2 1022
1 5660
5 15755
1 11779
1 17226
2 27602
1 29437
2 3479
4
1 25854
1 1353
1 20514
1 16920
1 4255
1 24659
5 22275
5 6298
1 12187
1 3677
5 25810
2 23050
2 9952
4
1 5829
5 18829
2 6338
5 14686
1 16785
2 22520
1 1207
2 1668
4
5 31019
1 9338
1 3527
5 8088
1 14606
1 10600
5 26956
4
2 5808
3 20025
2 1353
5 27187
1 26731
1 19195
2 15728
1 13609
2 26969
2 5557
1 23217
3 31338
5 158
