985
1 100000
1 99938
1 99863
1 99763
1 99654
1 99618
3 7904
1 99516
1 99506
5 12099
1 99415
4
1 99379
1 99317
1 99243
1 99226
1 99170
3 32499
5 6970
3 29408
1 99073
1 98977
1 98909
4
1 98916
1 98907
1 98800
5 20467
1 98758
2 14090
1 98749
1 98735
1 98676
3 20680
1 98641
1 98599
1 98579
3 30258
1 98512
1 98486
1 98388
1 98323
1 98220
4
2 28613
1 98154
1 98137
3 2703
4
4
1 98110
1 98053
1 98044
3 5401
5 16061
3 10504
1 97951
1 97907
1 97812
1 97814
1 97734
1 97736
1 97669
1 97617
1 97529
1 97422
1 97402
1 97356
1 97257
1 97207
1 97164
1 97055
1 97062
1 97024
1 97030
1 96984
1 96895
4
1 96802
1 96727
1 96735
1 96701
1 96689
1 96698
1 96653
1 96624
1 96593
5 5754
1 96488
1 96442
1 96336
1 96314
1 96228
1 96135
3 16294
1 96089
3 3293
3 30235
1 95983
1 95927
1 95873
4
2 26799
1 95843
1 95824
1 95743
1 95671
1 95614
1 95573
1 95495
4
4
1 95417
1 95427
1 95408
1 95302
1 95211
1 95139
1 95136
1 95123
1 95106
1 95040
1 94995
1 94996
1 94950
1 94941
1 94870
2 22171
1 94782
1 94735
1 94731
1 94636
1 94556
3 12453
1 94449
1 94376
1 94372
1 94374
1 94380
1 94313
1 94206
1 94159
1 94134
1 94112
1 94083
1 94058
2 60
1 93997
4
1 93921
4
3 12620
5 4843
1 93852
1 93812
1 93745
1 93651
1 93562
1 93524
5 28792
1 93512
1 93507
1 93511
5 29159
1 93413
1 93423
1 93420
1 93351
1 93273
1 93187
1 93100
1 93101
1 93029
1 92957
1 92906
1 92886
1 92836
1 92836
1 92755
1 92704
4
1 92668
1 92584
1 92558
1 92552
3 29210
1 92537
3 26641
5 22853
1 92470
1 92392
1 92301
1 92278
1 92233
1 92235
1 92130
1 92035
1 92043
1 91972
4
1 91915
1 91814
1 91707
1 91599
1 91499
1 91463
1 91422
1 91418
1 91324
1 91278
1 91288
1 91224
1 91166
1 91087
1 91091
1 90984
1 90961
1 90947
1 90892
5 5909
1 90885
1 90893
1 90818
1 90755
1 90761
1 90694
5 19883
1 90624
1 90556
1 90499
1 90430
1 90321
1 90223
1 90211
2 12797
3 10529
1 90106
1 90055
1 89994
1 89976
1 89888
1 89796
1 89710
1 89654
1 89557
1 89487
1 89468
1 89389
3 12670
1 89294
4
5 6050
1 89303
1 89278
1 89239
5 10546
1 89167
1 89142
1 89036
1 89018
1 88983
2 32602
1 88918
1 88862
1 88793
3 2035
1 88693
1 88599
4
1 88594
1 88568
1 88459
1 88437
5 22962
5 3814
1 88370
1 88379
1 88275
1 88181
1 88072
1 88013
1 87941
1 87853
1 87791
2 25110
1 87728
5 16874
1 87735
2 16552
3 31357
1 87724
1 87707
1 87630
1 87582
1 87485
1 87379
1 87348
1 87249
1 87177
2 14751
1 87140
1 87051
1 86984
1 86881
1 86867
1 86851
1 86751
1 86749
1 86673
1 86597
1 86502
1 86475
1 86470
1 86370
4
1 86330
2 16125
1 86273
1 86268
1 86273
1 86161
1 86154
1 86054
1 85966
1 85951
1 85911
4
1 85856
1 85759
1 85736
1 85710
5 4365
1 85712
2 13802
1 85602
1 85508
3 17311
5 19990
1 85437
1 85415
2 16487
1 85313
1 85216
3 4380
1 85157
1 85112
1 85097
1 85082
4
1 84981
1 84924
1 84933
1 84932
1 84927
1 84826
1 84742
1 84724
1 84644
1 84609
5 26049
1 84506
1 84494
1 84435
1 84336
1 84337
1 84256
1 84246
1 84225
1 84164
1 84137
1 84098
1 84089
1 84048
1 83941
1 83930
1 83885
5 30865
1 83853
5 27101
5 7949
1 83808
4
1 83740
1 83678
1 83594
1 83546
1 83454
1 83411
1 83376
1 83286
1 83219
1 83183
1 83088
1 82984
5 5898
1 82961
1 82883
1 82823
4
1 82756
1 82682
1 82610
1 82563
1 82524
1 82467
1 82454
1 82358
1 82368
1 82265
1 82168
2 19525
3 18297
1 82152
1 82094
1 82097
1 82082
1 82016
1 81987
1 81917
3 21380
1 81912
4
1 81815
1 81733
1 81734
1 81693
1 81700
1 81652
1 81584
4
1 81519
1 81465
1 81436
1 81418
1 81314
1 81216
1 81153
1 81142
1 81056
1 81044
1 80978
1 80931
1 80924
5 279
1 80921
1 80834
1 80815
1 80749
1 80663
1 80572
1 80485
3 16821
1 80399
1 80403
1 80375
1 80338
1 80340
4
1 80271
4
1 80182
1 80131
1 80067
1 80034
1 79992
1 79977
1 79877
3 13133
1 79770
1 79699
1 79691
1 79601
1 79547
1 79533
1 79450
1 79457
1 79348
1 79308
1 79252
1 79243
1 79149
3 11138
1 79159
1 79073
1 79042
1 78952
1 78874
2 30621
1 78883
5 27516
1 78874
1 78850
1 78750
1 78659
1 78620
1 78512
1 78507
1 78418
2 14114
3 10645
1 78328
1 78256
1 78225
1 78190
3 20392
3 16596
4
1 78189
1 78102
1 78103
1 77996
1 77901
3 23578
1 77834
1 77813
1 77732
1 77673
5 30521
1 77661
1 77614
1 77509
1 77518
1 77459
1 77438
1 77439
1 77357
4
1 77262
1 77154
1 77164
1 77151
1 77104
1 77018
1 76915
1 76907
1 76915
1 76907
1 76798
1 76792
1 76789
3 2301
1 76684
1 76651
4
2 23941
1 76640
1 76616
4
1 76509
1 76449
1 76423
1 76363
1 76362
1 76357
1 76258
1 76176
1 76134
3 14632
1 76040
1 75931
1 75873
3 19834
1 75876
1 75796
5 32561
4
1 75780
1 75708
1 75640
1 75610
1 75568
1 75520
1 75461
1 75415
2 2700
1 75357
1 75367
1 75277
1 75228
1 75154
3 28274
1 75139
1 75103
1 75018
5 24498
1 74966
1 74963
1 74894
1 74822
1 74787
1 74758
1 74661
1 74603
4
5 29211
1 74528
3 30442
1 74502
1 74475
1 74439
4
1 74426
1 74368
1 74353
1 74333
1 74315
1 74264
2 25575
1 74213
1 74170
1 74148
1 74137
1 74064
1 74004
1 74004
5 11135
1 73993
2 17926
1 73905
1 73803
1 73807
4
1 73750
1 73745
5 2122
1 73745
2 14057
1 73716
1 73614
5 7725
1 73615
1 73594
1 73574
1 73578
1 73509
1 73413
1 73383
1 73299
1 73199
4
1 73180
5 27684
1 73173
1 73128
1 73081
1 72995
1 72947
1 72953
1 72929
1 72930
1 72865
1 72843
1 72792
1 72752
1 72748
1 72701
1 72684
1 72614
1 72540
5 13573
1 72440
4
1 72450
1 72441
1 72415
5 14324
1 72377
1 72349
2 29816
1 72272
1 72174
4
1 72135
2 10614
1 72138
1 72029
1 72039
3 2777
1 71941
1 71899
1 71846
1 71780
1 71756
1 71721
1 71700
1 71664
4
5 10681
1 71655
2 19239
2 9174
2 28421
5 406
2 8773
2 3874
5 25556
2 3818
5 14028
1 79877
3 5806
3 8879
3 2995
1 71646
5 26508
2 24980
4
1 71692
5 8458
3 2929
1 71707
2 15871
3 4636
3 18567
5 19800
5 11952
3 2287
5 27530
5 29809
4
3 217
1 89167
1 71721
1 96653
5 7420
3 10564
1 75277
2 9025
4
2 24902
5 28820
3 12992
3 19668
3 682
3 7182
3 6347
5 12754
3 5367
2 4441
4
3 4800
2 28917
1 71711
3 15841
3 6341
1 73578
5 16888
3 6218
3 1762
5 11172
2 968
3 4960
3 17786
5 23154
5 2605
3 4436
3 17613
3 8156
3 7285
3 4651
3 16092
1 96802
2 19602
5 9953
5 2617
3 1497
5 28390
3 3757
3 15362
1 71762
3 11260
1 73905
3 5440
5 25761
3 6663
3 3149
5 29275
4
3 2963
1 71862
3 7244
5 23103
5 18561
5 24025
3 3931
3 3250
3 9872
5 1639
3 1764
3 17138
3 3797
5 29480
5 150
5 19077
3 2073
3 5676
3 10803
4
3 9454
3 3834
5 26539
3 11971
3 11460
3 5947
4
3 1664
3 19097
3 18476
2 5971
3 12059
2 9824
3 3418
5 27820
5 24022
3 4143
3 6337
3 12624
5 11736
3 8776
3 19970
3 2025
3 14012
5 13854
5 5331
5 32213
1 71950
5 19973
3 2554
3 8586
1 89142
5 26876
5 2369
4
3 16053
3 16472
5 15827
2 20575
2 21158
3 18948
5 1696
5 6517
5 30601
3 7130
3 17873
5 8256
5 15653
3 9909
3 7456
3 1595
3 6404
1 71980
3 5728
5 32051
1 83088
3 11724
4
3 9525
2 25552
1 72089
5 21209
3 635
4
3 1233
3 19988
2 23657
3 7854
3 10517
4
5 6924
4
5 9525
5 28287
3 15798
3 5009
5 12123
5 19847
3 14392
5 32599
3 9196
1 72085
5 13806
3 12021
3 16741
5 3151
3 14286
1 72107
5 11322
4
3 7268
2 10940
5 16
3 5763
4
3 5052
3 4973
5 17176
1 72162
3 2312
5 1605
5 3119
4
5 31931
3 5177
1 72164
5 3501
2 1597
5 32529
2 14536
4
2 9166
5 27193
3 18420
5 1478
3 6391
3 2899
1 90885
1 72224
3 1053
3 2594
2 1994
5 12401
1 96442
5 5588
5 30279
3 16576
3 1356
2 14164
4
3 2077
3 6098
3 16814
3 12638
5 32664
5 28599
4
1 84337
1 72276
3 3527
1 79533
3 17173
3 13262
3 7968
5 28306
4
3 11591
2 6695
3 9221
3 7513
5 17609
5 5422
4
5 27116
3 13866
5 19193
3 7771
3 605
2 20730
2 23465
5 20226
2 14429
3 17433
5 30702
1 95106
5 1556
3 9324
5 18911
5 11361
3 3205
3 3706
3 3897
3 10295
3 18973
2 19573
1 72314
2 11724
3 14144
3 8858
2 10200
5 22223
3 9798
5 26362
5 2461
4
2 26928
3 12047
3 9013
