90
1 99997
1 99993
1 99917
1 99874
1 99844
3 28749
5 7465
1 99794
1 99788
1 99761
1 99684
1 99644
1 99592
1 99544
1 99545
1 99510
5 17454
1 99517
1 99447
1 99399
1 99390
1 99286
1 99240
1 99137
5 9680
1 99118
1 99128
1 99094
1 99078
5 120
1 99054
1 99024
1 98927
1 98825
1 98722
1 98639
2 21536
3 13985
1 98540
1 98488
1 98462
1 98382
3 4978
2 26699
1 98365
1 98291
1 98262
5 5528
4
1 98242
1 98209
1 98184
1 98142
1 98074
1 98070
1 97975
1 97964
2 11035
1 97878
1 97817
3 24943
1 97789
1 97733
2 32684
5 29275
3 3578
1 97975
5 21820
3 1849
3 1536
4
3 17792
5 8256
3 5098
3 9198
3 7173
3 11409
5 12705
5 1797
1 97820
3 8786
1 98382
3 1339
3 13491
5 9701
1 97867
3 4906
1 97885
5 4550
5 17713
